 346618
 346617
 346609
 346608
 346620
 346619
 346624
 346547
 346597
 346626
 346625
 346623
 346621
 346606
 346605
 346604
 346603
 346602
 346600
 346599
 346596
 346594
 346593
 346592
 346591
 346590
 346581
 346579
 346578
 346577
 346574
 346573
 346572
 346650
 346648
 346647
 346646
 346645
 346644
 346643
 346642
 346641
 346640
 346639
 346638
 346652
 346653
 346637
 346635
 346634
 346633
 346632
 346631
 346630
 346628
 346627
 346601
 346575
 346570
 346569
 346568
 346567
 346566
 346564
 346562
 346561
 346560
 346559
 346558
 346556
 346555
 346553
 346552
 346551
 346550
 346549
 346548
